4.105707522948369714e-01 7.330941727591515633e-01 7.856365250750534379e-01 6.914027693008195641e-01 -3.818216054631291545e-01 -5.385098081394867897e-02 -2.485495832148860718e-01 7.858258865839229390e-01 -5.514095763511897008e-01 5.839614061100806275e-02 1.424485614274122458e-01 -4.265838082423689670e-02 9.119331641284675882e-01 -2.195962365900481217e-01 -7.027525847702227324e-01 9.076958051307679742e-01 4.926629319832587228e-02 -1.207532561924475889e-01 -9.612694649113062706e-01
-1.784385995142312442e-01 4.716316242690059557e-01 5.476779166410716826e-01 -4.149838375543541957e-01 -3.706953384149092035e-01 -9.057493996621857058e-02 1.387232245428302591e-01 8.844093542860953505e-01 6.004987982577638661e-01 3.789987562699594914e-01 -7.257910302643919565e-01 -8.349717246652388347e-01 -1.053970998545323834e-01 -8.437615359206778187e-01 3.314539308019581743e-01 9.811167144710752908e-03 2.142273209393912303e-01 -3.142641137582591337e-01 -7.302800711747097218e-01
-3.673599749716343066e-01 4.308671638722134656e-01 -9.172091604988550362e-01 6.955957498884743906e-01 -3.256401487078715018e-01 -1.086195107526647385e+00 -7.737852537321099344e-01 -7.722305097050161660e-01 -4.205995031554323749e-01 -1.780760786391233363e-01 6.458532915322783285e-01 -4.131988051555692820e-01 4.170466715865199792e-01 -9.982451163651402393e-01 7.842020622497991589e-02 7.560353395797370091e-01 6.692724116336250528e-01 -9.468624813882675628e-01 -2.706212942930186216e-02
5.149084182601997295e-01 -3.377680683469745926e-01 9.161627408886088286e-01 -3.015337732670466675e-01 -6.992802542644649400e-01 -2.422680264670429295e-02 -7.774159079398141881e-01 5.133852938555663048e-01 1.511392015331955996e-01 -3.290927779895826966e-01 -5.244162615993528398e-01 7.235880656714894776e-01 3.584226358625539621e-01 -4.845004593992270348e-01 -2.007942963290461069e-01 4.364722445850832688e-01 8.298822109875862996e-01 -3.182397780270513898e-01 1.931154635238190309e-01
-3.033927488964496266e-01 -9.177289694544830123e-01 -3.584587640917278328e-01 3.101558849202310508e-01 -1.785350439625021934e-01 2.051121747830917386e-01 9.244537639250161032e-01 7.277074023782830192e-01 6.408818045085249437e-01 -6.762837959362719698e-01 9.122062597955227226e-02 -3.171285210357632778e-02 -1.367684106750868267e-01 -7.888661130041096925e-01 -9.584858341300874773e-01 -1.028234940138210707e-01 -9.174789528461262389e-01 1.847662318448735075e-01 5.430010914835621261e-01
2.814910567961126375e-02 4.108019722210332070e-01 -7.487293584524217227e-01 -6.575496509691713953e-02 5.555523624661375948e-01 7.056493439256577016e-01 2.730419024802890338e-01 -6.200013205981638187e-01 8.649139958084868240e-01 9.856109187708494979e-02 8.077774763023777282e-01 -7.572574791121677862e-01 4.152245507222165344e-01 4.868782684726959964e-01 4.337043522669807860e-01 6.312633263693518959e-01 9.676677125790782430e-01 -3.846712007111154907e-01 -8.925638204856487512e-01
9.368305052683456591e-01 9.077705928188808393e-01 -8.670340599332975184e-01 -5.733144675344847840e-01 9.054407821993668559e-01 -3.324688594609497283e-01 -4.208453216306013989e-01 7.470557560885704440e-01 -4.477453093899201875e-01 9.897202958175521648e-01 9.815670526197184387e-01 -1.121528619639500235e-01 9.904041229434825677e-01 -3.612190044617979989e-01 -7.985337854646330502e-01 -4.803792210066066826e-01 -8.788024759951191811e-01 -4.348002071133012514e-01 -2.715753956418258674e-01
-7.231359815690259207e-01 -7.471981690999851544e-01 -7.082713810875091998e-01 1.033812042312551860e-01 -5.985674375809579839e-01 -5.162152098557593050e-02 -5.853024030354097018e-01 -3.423309785460759702e-01 -4.784138326866682611e-01 2.293051782813364525e-01 -6.714715343985653284e-01 -2.699536463923992713e-01 -1.203508409203828400e-01 -9.246461551479825403e-01 9.344981072598210758e-01 4.375266479643926676e-01 1.716591489972949525e-01 9.557079020263508085e-01 4.753352404067152648e-01
9.662327976159550413e-01 1.333414032253421588e-01 1.482206099161798019e-01 -3.048514246904283631e-01 -1.709121583200414740e-01 -8.148419547740557434e-01 -9.683729913688798874e-01 4.148916290807000973e-01 2.679445505374189462e-01 -5.863491940975393835e-01 7.982036528936136133e-01 3.910300216952458108e-01 6.898521813404903114e-01 -3.862194580573878877e-01 1.408107665035409628e-01 -3.941479046070810455e-01 8.744729822611698733e-01 2.698705252144604216e-01 1.498097305899979137e-01
-2.348211712161258902e-01 3.951814975884340164e-01 -8.329088343113126847e-01 8.772517078053363448e-01 -9.376322767469886799e-01 -4.702949602015915609e-01 9.334914276053665194e-01 3.753332061251208884e-01 -6.080765482745988937e-01 4.302394780671949803e-01 5.147740488918330914e-01 5.532404039794229789e-01 -9.911794399312510162e-01 -3.075493790319223653e-01 -3.426905765681704796e-01 3.483996961202087128e-01 3.901687403934361864e-01 2.156955127629665014e-01 8.832402974432354004e-01
-7.533360585652528751e-01 8.985843228744314626e-01 -7.044506574458404558e-01 7.127260962170511860e-01 -6.108992239127579715e-01 4.576745536043458351e-01 1.582989387280719917e-02 9.161377284074021521e-01 5.044120250047996468e-01 -9.959467595260438344e-01 8.282190671155353900e-01 -5.591807183626120725e-01 -4.077898285286165603e-01 -1.549226317719654133e-01 -9.414038277465821558e-01 -6.781855526050519778e-01 -5.765074034981105822e-01 9.075566637705980710e-01 -8.101640138359704757e-01
-6.135385239310411354e-01 3.540744510351310215e-01 6.527682491645270257e-01 5.912536673515289554e-01 4.195743423721189913e-01 -1.711810312026313952e-01 8.547411874860082470e-01 6.802169390640975255e-01 7.120007237461851712e-01 3.205953446807097151e-02 8.472449440151967881e-01 4.655489177039542348e-01 5.750397299354654823e-01 -6.945976104161413200e-01 1.653878364090217712e-01 1.232808910928193669e-01 -1.107719884446978220e-02 -2.968092474110042289e-01 6.640086130952878030e-01
-5.810662930018135608e-01 -3.523222917667616638e-01 -1.978434174531764622e-01 -2.875259339963815997e-01 9.204686402415789281e-01 5.719836428923976701e-01 -1.950230244530779533e-01 -2.446956012370575806e-01 8.846434127358957511e-01 -2.096282060220366894e-02 5.965808612130283350e-01 6.564814823792299858e-01 5.473001154372825194e-01 -4.510734089561676541e-01 6.315437043243234960e-01 -8.873018610443847987e-01 -5.037361013603591786e-01 -2.314400850370246232e-02 2.786598317560267102e-01
-5.815292049681866082e-01 1.279154064048784178e-01 3.671630470107765110e-01 -6.297904851738722609e-01 -8.569121577600882222e-01 8.864492352341366566e-01 3.557668568816025889e-01 -9.310101783643798257e-02 -1.265759078327701737e-01 6.090996770614536260e-01 -6.610176922949784206e-02 -2.781918937713985240e-01 -9.789975267510393486e-01 -7.221904045543916517e-01 3.916562657014299731e-01 7.832102155623534845e-01 4.103129505468894322e-01 -4.099478148567272662e-01 5.058187149218542622e-01
-6.502235564849221383e-01 -7.562538916858920768e-01 -9.828480105872441364e-01 -5.098438194535299672e-01 6.706495870706257190e-01 -4.945120866023913209e-01 3.277180392208536297e-01 -2.709221631542126918e-01 7.025481654992453695e-01 3.487727486279592615e-01 -1.543817442222295000e-02 9.275819350867937629e-01 -5.673199617061963629e-01 -4.295040058992005694e-01 -6.480739327306970221e-01 -6.878533114973781615e-01 -5.349020622916766943e-01 -9.582414741496927402e-01 -3.913303865618926736e-01
4.506784030252461992e-01 7.230848149023079152e-01 -2.544713242472766979e-01 3.757055406353875249e-01 6.619657317172416011e-01 -6.924826546763112045e-01 -4.041903095979577643e-01 4.917595618362622378e-01 -9.947199712569299024e-03 8.662122325597354511e-01 6.888075061868474958e-01 -8.828071392946112983e-01 4.809735399459633687e-01 3.227986989805355922e-01 -7.870971295271795842e-01 2.947976294110650208e-01 5.409457129668082676e-01 -2.223280875981605842e-01 -9.315844558760955074e-01
-5.700204444532210868e-01 9.942763879431177898e-01 -6.966663717672363365e-01 3.736857707922820460e-01 -9.068741073548418630e-01 4.434159638464121311e-01 3.860068596223091841e-01 -4.104365099980609166e-01 5.037715782737253178e-01 -5.296797328468416666e-01 -3.845362691885949591e-01 -9.961362922061114400e-01 -3.209014222392270188e-01 4.398448999586890285e-01 -5.418546015527865300e-01 -7.634578876581668005e-01 1.696985730232269951e-02 -5.973120445987121219e-01 -8.082238602221532009e-01
-4.872706575302712118e-01 9.792237034445594457e-01 2.701704220420504399e-01 3.887045057298734729e-01 -2.646659296484790147e-01 7.582718633171137146e-01 4.724971981884231731e-01 -7.240809436819790612e-01 -1.056959009815769956e-01 -5.512233069990319922e-01 -7.186579947469011742e-01 4.120949305093652981e-01 9.842887168777441076e-01 -2.166862282305359599e-01 5.039355202652033849e-01 -1.735667407974077481e-01 1.965045287502076299e-01 7.518084120951640248e-01 4.909929233462460019e-01
