1.574693673061351440e-01 -5.738726097577417917e-03 -8.816195790410179534e-01 6.155710182462543756e-01 -6.948416912034782733e-01 7.814615643421094493e-01 4.619812838700612101e-01 -9.939131424741465271e-01 -2.680447718052776374e-01 -6.747717954078527036e-01 -2.683814406069333636e-01 1.528805942464802392e+00 -4.326865232627978841e-01 1.727355153103111718e-01 9.712827129593668563e-01 7.438656093423308135e-01 6.884439668100807985e-01 -5.161783829159121151e-01 6.552489333006454864e-01
-6.533363578156590190e-01 9.037207939608782326e-01 -2.389227127279598406e-01 9.718082599796495913e-02 1.401408045080532183e-02 1.037053503221745387e-01 9.955687376804274180e-01 -7.414463489368929849e-01 -3.292815454262265629e-01 9.763139481171556611e-02 3.113871658642415330e-01 7.314640740103872663e-01 -9.426863496235349249e-01 -6.718152435748088180e-01 6.036723202987879233e-01 4.133798809614082082e-01 8.480581884608677790e-01 1.559253399277719110e+00 -5.727579883128139926e-01
-5.614684571905215194e-02 7.607597160210299858e-01 -7.299367515616570490e-01 -1.489108619422438995e-01 -2.059258628243503253e-01 7.885836263359118359e-01 6.559423671657267363e-01 7.845642113343722635e-01 6.654180302016543536e-01 4.556549770443121261e-01 -3.538401429530433351e-01 6.234247901430265415e-01 5.931980144469266580e-01 9.704493852747462235e-01 5.095272785175875008e-01 8.557084280888178629e-01 8.738580216142239898e-01 7.172613655540742705e-01 1.013649367821489733e-02
-1.525169288645378263e-01 -5.696574625856156704e-01 2.782746125920425584e-01 -3.620406641828126659e-01 3.157007492579704255e-01 7.045748161433540435e-01 -7.348306036907503724e-01 7.407875735108822024e-01 -7.912872782204838362e-01 3.320880394793299661e-01 -8.897284815285200210e-01 -6.528211717018617133e-01 3.182772486138254475e-01 -2.210026030176204248e-01 7.969468707987483747e-01 -5.965326442755751746e-01 -9.300655307722971443e-01 1.598829867165902918e-01 -7.023274567960318127e-01
-5.896795661115139531e-01 -5.163933367594737422e-01 2.568709945604215061e-01 -9.357312466690361763e-01 -1.392863012130192146e-01 -6.550093655247177793e-01 -1.500647419021499118e-01 5.531007668663396881e-01 2.980210891178345367e-01 3.719179070474449844e-01 4.615908992292576674e-01 -6.965821213430249959e-01 -5.981547255843435718e-01 4.838741011686678029e-01 -5.746475722230770522e-01 4.972073731129258434e-01 3.731703182848422617e-01 -7.377472721125211130e-02 -7.514301344782836622e-01
-4.318461192035061291e-01 -5.655483172658279933e-01 -1.459844444992492996e-01 2.525997629222849206e-01 -7.237663704705432632e-01 3.092086293289364463e-01 6.096260757381946060e-01 -9.125151314327910601e-01 1.439979205464545498e-01 -3.864384744085369583e-01 8.180498076629760806e-01 4.194369322013697943e-01 7.985814154980290791e-01 -7.616135886930472942e-01 8.032270071300249281e-01 -4.934414675223575131e-01 -2.100659657217227583e-01 -9.553229749093457013e-01 -6.381236526748303994e-01
3.953130911035755979e-01 9.635805400368351314e-01 1.202730542127490310e-01 -4.536988911925778911e-01 -9.953195181263996272e-01 -8.228326465864421735e-02 -3.223225446287349971e-01 9.785179994638109058e-01 5.031694693544295216e-01 -7.394463357436940054e-01 5.963417890822635403e-01 -2.156168900392609888e-01 7.184088945056030795e-01 6.338171103464906864e-02 4.424221396618592816e-01 -1.756311432057342525e-01 1.404228755220029434e-01 6.040413962542734438e-03 -3.079445936926663574e-01
-7.987054280264402895e-01 -4.809597929867859278e-02 -6.461499389529714588e-01 -5.803770010553876979e-01 3.684652638901708688e-01 -8.503115887861489863e-01 5.685615714130221043e-01 -3.455553862331643966e-01 6.215758751607587396e-01 -1.765637881754065219e-01 -4.797398103506436140e-01 1.818201737058910972e-01 5.069488869803926434e-01 -8.805188193403810093e-01 1.079082933168049596e-01 -9.804073692383192817e-01 -8.198075070200165904e-01 7.981150976523156970e-01 9.395053119682392762e-01
4.912541543329791427e-01 -9.947964365475070458e-02 1.282664226107390615e-01 -7.583619320430103894e-01 2.744911325541601332e-01 -2.244959296530053550e-01 5.192074477381207753e-01 -5.134978409067914029e-01 9.567624200016409119e-01 1.203959149284870023e-01 6.581722291786107348e-03 4.218105972282775173e-01 -2.205505345233516046e-02 -1.097443592564633086e-01 8.819607111829597113e-01 3.100478381959499430e-01 1.722738783530497475e-01 -9.906107383126472321e-01 -6.090804958730435814e-01
4.883555106117973832e-01 2.303576189353504500e-01 -8.014610452387080919e-01 -8.627413315640513058e-01 -8.844964047857792888e-01 8.615766608906774149e-01 1.816807437535137293e-01 -8.759057833883099331e-01 9.957474238141843514e-01 4.633792559320877302e-01 1.006256427870821923e-01 3.741741172061880949e-01 7.936487113426182738e-02 -1.292594628047012417e-01 1.838642351484831572e-01 -7.187359754381905663e-01 9.024053359979793409e-01 6.727867605355613012e-01 -8.942204250660841236e-01
4.514239296703064230e-01 9.585091557982379218e-01 -9.123577162762896986e-01 -2.418777988313574046e-01 -6.733397034182964092e-03 6.594013485697791666e-02 -1.451672956593581532e-01 7.807379833064460595e-01 1.698729005282171300e-01 6.751638958916186262e-01 2.577729591947317545e-01 -8.211353900928337612e-01 8.515719835667185933e-01 -1.683215998057872032e-01 -8.145214901281447872e-01 -7.602859744442802548e-01 3.971662988027770957e-01 8.586502386528356290e-01 3.799286473100023098e-01
2.629797041590151707e-01 9.997526139257175704e-01 9.395759077263352577e-01 -6.707726972102332486e-01 4.787345543820722416e-01 8.479644105162134071e-01 -9.009621811764263466e-01 -2.626174913426964075e-01 -9.838137926343504258e-01 1.476334777652494878e-01 8.141055410432165296e-01 4.850805145805821006e-01 -9.344044626496241790e-01 7.223103355550506421e-01 7.474902478271814310e-01 3.115099932959994877e-01 -9.572943560274405073e-01 -5.308750665814618852e-01 5.427081946538820922e-01
3.576643689548675287e-01 2.184147398932418938e-01 8.107714920378046308e-01 5.507248093403127598e-02 9.271116219490331822e-01 -7.719930125395209064e-01 -1.512793631114828230e-02 -4.415557690734093210e-01 5.591159502614884147e-01 6.592817400112900295e-01 -1.668099890748746539e-01 4.547448795460766746e-01 9.371820885799890810e-01 -9.550014370383741458e-02 4.576369199342837923e-01 7.797311019496051543e-01 -6.216154220654870333e-01 -4.401516095299691234e-01 -6.207870521476768211e-01
-6.571227590933916840e-01 -6.644523196656539898e-01 -2.104817672633088055e-01 -5.650804917180836107e-01 -6.153413083558982866e-01 -9.976741818826488917e-01 -3.235611837285881087e-01 -8.430380713350689170e-01 8.930919179999836643e-01 -1.982842156508306530e-01 4.229222631723050796e-02 -1.880718449844074325e-01 -7.132225219556822537e-01 -1.031268378290000065e-01 1.021383654272889574e+00 -6.515181983282354317e-01 9.274406546028366449e-01 -9.768751010935647905e-01 2.642204303778279417e-01
4.885860179091263689e-01 -5.921093423901480080e-02 2.759965917188129669e-01 -2.002177524694723765e-01 -1.367941307358364611e-01 -2.251058473040645769e-01 -2.412397346011863064e-02 7.152776585025197864e-01 5.951515821748927237e-01 -9.765566530873017737e-01 7.003911794999295726e-01 -6.146765527683366592e-01 -8.085719710956196238e-01 -9.848573545155723252e-01 2.711157413325475662e-01 -9.844672936147658149e-03 4.906057677578863352e-01 2.381678076513571440e-01 -2.639977604925243249e-01
4.218362598963123489e-01 -6.741691239565215099e-01 -5.365605735335430282e-01 -9.609499061603588022e-01 -5.491920116543786978e-01 -4.265216670603237947e-01 2.526662810930651037e-01 -4.086603858724231486e-01 -9.130127921804476188e-02 3.113942709122283770e-01 7.627209091523909912e-01 9.836599980658868869e-01 -4.942232133050912246e-01 3.135763671319824475e-02 8.432846306712860063e-02 -5.731089490314718038e-01 5.828028024683491459e-01 8.882678900858749227e-01 5.116975641789101026e-01
-1.532342606911005767e-01 -5.806818838004774719e-01 -4.650189096320596072e-01 1.636212253829618657e-01 5.698048199256269264e-01 -7.233474860832835862e-01 -9.595273525373870793e-01 5.322072636722581240e-01 6.967577301015004387e-01 -8.000765341797766439e-01 6.850241756924091430e-01 -1.798434640949460039e-01 7.694683798672590225e-01 -9.542222382233767064e-01 2.946703086660107385e-01 -3.256384335582049872e-01 2.051813699709255090e-01 1.811848198896237605e-02 -3.103265680906639457e-01
-9.385912726273526463e-01 8.421541736627544683e-01 -9.636039848835218358e-01 8.941923858453240115e-01 8.388197061572550961e-01 2.276174605982250743e-01 -3.173826188823680727e-01 5.733806453357312982e-01 -1.660442243367084014e-01 2.478504561426853048e-01 8.202379286389973601e-01 1.164285061788841169e-01 5.499239654140455347e-01 2.349207951282727969e-01 -9.376630567761043977e-01 2.363116340641666646e-01 -5.229402126076492241e-01 -8.350090604356550372e-01 -1.834853754965377615e-01
