-3.801203618243642612e-01 2.170963073648357167e+00 -4.736066976446771104e-01 -3.877225577014100644e-01 5.424840361201344052e-02 -3.323353879430990254e-02 -1.670549797139166959e-01 -3.872612439507474580e-01 -1.636296598164225680e+00 8.158437990792006822e-01 -7.853068271387100285e-01 -1.245757140713977362e+00 1.258338099568592883e+00 -3.960408705064750734e-01 -6.962770376620668333e-01 1.319860043626881252e+00 2.258971142155621337e-01 3.342844642869617910e-01 1.543965448795993067e+00
-1.426957310109126853e+00 -1.123065030323685098e+00 -2.144464885996384407e-01 2.965512874165079360e-01 8.340623441459020793e-01 -8.525586706883103716e-01 -8.052950824466607038e-01 1.979355240143276795e-02 2.550956256479934847e-01 -7.912981349923271512e-01 -1.478518091993521244e+00 1.356374031011210679e+00 -5.568882515369451003e-01 -1.160985626939083915e-01 -3.858871154406360304e-01 1.964281965606147207e-01 -5.983658714508488519e-01 4.870349134790759038e-01 5.387416459722784712e-01
-4.419912081398291726e-01 -9.950705317032790820e-01 1.240629420293245522e+00 -9.492599299316721861e-01 5.633785461984317511e-01 -5.795499545751345849e-01 3.414269005049124228e-01 -2.069561212466763944e+00 -1.236105315918914593e+00 7.023722078958298809e-01 -6.046720957032942767e-01 1.205702258750742217e+00 -4.874469155949758825e-01 -5.116856267498797184e-01 2.787507138427083309e-01 8.133502450146625762e-01 6.595401983084370201e-02 -3.727919466158851058e-01 4.235294919935066460e-01
-4.561849553313048755e-01 -3.743071284540540056e-01 -1.706251446968960472e-01 -2.102051076737510016e-01 4.618608076054293576e-01 1.046042458909293149e-01 1.522867903918523114e+00 1.259765420077247899e-01 -7.442977528735972292e-02 -1.849382118230207261e-01 -6.498571896830755978e-01 -6.229982747317659442e-01 -1.448073298799053887e+00 -3.758822598511737390e-01 -1.608914528343008410e-01 1.893275691362461766e+00 -2.849983180845022002e+00 9.177029019908211627e-01 1.212125205002536843e+00
1.031639893423002885e+00 4.696661799365047241e-01 9.147426810000367503e-01 8.274859210094371864e-01 -8.436038487472063974e-01 8.355010701192939759e-01 -5.712833516466475636e-01 9.228518346530838468e-01 -8.446831437696173950e-01 9.995259769132511796e-01 -2.615305476465670687e+00 -6.161624226217821132e-01 -2.466268918243663677e-02 -1.827659169311988130e-01 4.670327030005361202e-01 1.013060515514384141e+00 -5.632901966203247568e-01 -4.649999311545796044e-01 -5.611916517760822121e-01
9.130381114633923101e-01 4.321726560114580451e-02 -4.565608964082734644e-01 1.016028577652533516e+00 -2.917676956594523752e+00 4.126517296313474414e-01 -9.469479378336775888e-02 1.284138054602139922e+00 4.487044062660294763e-01 -1.317647500175364694e+00 5.151080941448671346e-01 7.949606407864084900e-02 3.406766858682648280e-01 -1.073470862885017141e+00 -1.351094952641517688e+00 4.382084245730406558e-01 1.024246139136268052e+00 2.924376099284595742e-01 -2.322085068531332119e-02
-1.766046157346299994e+00 -1.084771994507771620e-01 2.312697078660277406e-01 1.435542029628124938e+00 7.939533625125669847e-01 1.821021720255620480e+00 4.915486662008319296e-01 6.970525882660423278e-01 -1.344139899886758194e-01 2.206132738191895371e+00 -4.311685178182502742e-01 -1.449119755468121440e+00 -9.161054939386663598e-01 5.073915278839673526e-01 -6.472631058161941731e-01 -7.326449361296396567e-01 -8.932516291650425266e-01 -9.254294369649940233e-01 -2.824224956953158561e-02
6.311277344678849488e-01 -2.597615227382197300e-01 -6.148345410996569615e-01 5.213453637560052645e-01 2.566436480814349164e-01 -6.394673839393967274e-01 -6.595588038500408423e-01 -2.485517456737496023e-01 -1.221549043247694311e+00 -2.393946588037137779e+00 1.979150819404493777e+00 4.306419057762496116e-01 -6.945289230470779174e-01 9.950330338364810068e-02 1.927009074031360569e-02 4.935394282936489407e-01 1.412505892788108897e+00 1.816639182509752315e+00 -4.780538532809903707e-01
-5.056421717333154930e-01 1.158620723384859552e+00 -1.532015797821227432e+00 -1.010872837096032040e+00 5.588161590512674692e-03 8.300072189556946256e-01 8.427939456940778395e-01 3.240800165652468756e-01 -6.273051529347453137e-01 -6.019188697122692666e-01 3.124099228595911271e-02 1.024877449414431485e+00 -1.082475702484262614e+00 -8.973967142733165758e-01 -2.260048279917887371e+00 -8.366364629902323102e-02 -6.252289581991914424e-01 -1.145752472472567618e-01 -2.646668749812011168e-01
5.648384847748546544e-01 3.308822183791393368e-01 3.275376787290862346e-01 3.843435730177220400e-01 -2.513393088054376445e-01 -2.817666533317477739e-01 -4.554773910784424285e-01 -1.331643571960901218e+00 -8.203724752757124428e-01 1.486428738254233162e+00 -1.391705361057260060e+00 1.691818370074827493e+00 4.340579114394826910e-01 -5.290751769267907356e-01 1.594449277174940116e+00 -7.730780396282526112e-01 1.091482689354938307e+00 1.149622693597467382e-01 -4.151802415989949147e-01
-6.322569768825059278e-02 -7.016400141405423341e-01 9.029972999978950199e-01 -4.018594679551894533e-01 -1.713309919136068560e+00 8.344568480710581326e-01 1.424997809722465814e-01 1.501655705323931222e+00 6.307772189096130244e-01 -2.650925223326130453e-01 -9.752646112994891592e-01 -4.996452017141184143e-01 5.012092281559983320e-01 1.670312168472154468e+00 -6.121150435546924840e-01 3.555408896912193306e-01 1.052319888167070117e+00 -1.569037596258384459e+00 6.869503884786714032e-01
-1.389142826678445131e+00 -2.796191158799525844e-01 -3.035866099555384334e-01 1.569730894124843568e+00 2.722694830857901316e-01 3.199695345291950765e-01 5.259911255776732464e-01 -6.317129532102827572e-01 -4.169182283163257452e-01 5.193335407295043282e-01 5.634599762736036688e-01 3.549241153748845523e-01 -1.419370085560565098e-01 1.023989191386849518e+00 -8.972917685097112628e-01 4.694211411716573412e-01 7.352585562163076460e-01 1.681436343374588471e+00 1.147537314805979758e+00
-2.633483522282398237e-01 -9.996453514256167239e-01 5.294522185886221255e-01 2.422771693723406727e-01 -6.423986193753417062e-02 1.557195552704435659e+00 3.944585708491994414e-01 -4.439123644081182096e-01 -7.503597768142638014e-01 -8.266447625494344198e-01 4.765054250714073625e-01 2.503692076978625281e-02 4.086197745514759117e-01 1.784658250774717736e-02 2.467456212919986402e+00 -2.001853467957612764e-01 1.995732123025053539e-01 -2.120159551416656019e+00 -2.058891099761834820e-01
-2.204879199754898877e-01 2.601400630285990445e-01 3.418932426404788227e-01 -1.558620671858848894e+00 -1.816514476163276992e+00 6.039919591815425814e-01 -4.797390446434157685e-01 -2.991644529971368982e-01 -6.846199700909709751e-01 -3.270493395487594768e+00 -2.098047398366100325e+00 4.150557545323907416e-01 1.891804933659488430e+00 -4.641810742881158358e-01 -4.706812853268338426e-01 -1.422465192201356476e-01 -1.249130147772059551e-02 -1.097841848808384313e+00 4.512393367887848061e-01
5.621014362135716702e-01 1.482702366190143284e+00 1.911908689309233855e+00 2.163198206183010175e+00 7.128691032821410367e-01 -9.503394295985261309e-01 2.081923524886364341e+00 -1.093524450998070163e+00 4.314487424228108381e-02 5.372810922606929829e-02 2.198480410370931004e-01 -8.356147387465993059e-01 7.037361376506781063e-01 7.669373484925805506e-01 -8.756249663405313299e-01 8.230198224421696462e-01 -4.244201588607399156e-01 -1.665917073136037763e+00 2.579800403304972622e-01
1.254824481684421400e+00 1.704501988374798049e-01 -4.569945590687580772e-01 6.164854327255870903e-01 9.951849075726402205e-01 6.757937577280070940e-01 -1.622357603746964694e+00 -1.344261953644310115e-01 1.189638801907112242e+00 4.461425771007951901e-01 -1.026522286288417796e+00 2.684627097577662269e+00 -2.291125065365738678e+00 -1.602448831684770481e+00 2.004924881717094820e+00 -3.245282429986695583e-01 -2.598703442853251833e-01 -9.793396114066330593e-01 -3.246958658816789800e-01
2.756809100714903149e-01 -2.008318176610395245e-01 -6.243881706091580774e-01 1.510022411349895455e+00 -1.151658053705817863e+00 -4.414276247859121316e-01 2.126818215560373204e+00 1.187712093909311539e+00 8.604554194002234091e-02 -1.918820577792539339e-01 -2.998645586476464953e-01 3.610443151440296816e-01 5.438481034945952253e-01 -1.077203044813129118e+00 -1.871612935846555859e+00 -6.520521619622117182e-01 9.159781886468441048e-01 -1.953944325238168300e-01 -8.943744585269732816e-01
-1.541685605004704529e+00 1.041439335921407139e+00 -1.495399086906839203e+00 -3.705815495373032675e-01 6.514973280392875044e-01 -6.354036341917448372e-01 9.505402813442540566e-01 -6.865439660066077199e-01 4.343510205483902542e-01 2.073777653945445554e-01 -8.869495622225829212e-01 -5.248037711379280879e-01 2.274017488501645978e+00 -3.085965399933661146e-01 -4.500523932889444190e-02 -1.186080370752021329e+00 -1.153489214920405681e+00 1.190760617507393482e+00 1.354814876936245582e-01
