-9.252116327577286636e-01 1.762529152422190659e+00 4.296723375240698584e-01 -6.138894287109573078e-01 7.637869682950368944e-01 -4.342263063666362832e-02 -1.327634314901378065e-01 -3.872612439507474580e-01 -6.845875766753735103e-01 8.158437990792006822e-01 1.225400322016256816e-01 -9.097905883591397291e-01 -8.641749131013565233e-03 5.631552554827676804e-01 -1.302608223706842372e+00 1.203459068100383167e+00 -5.472048929176072107e-01 3.304342914617413030e-01 6.624532182103357592e-01
-9.431103742191058181e-01 -1.519936992774846729e+00 -4.471765345497207278e-01 2.090393271706978418e-01 8.340623441459020793e-01 -1.790149996093748364e-02 -7.303668867128341180e-01 1.979355240143276795e-02 6.897674900093908601e-01 -7.912981349923271512e-01 -6.114923559138634168e-01 9.791631085557375158e-01 -5.280324632272979102e-01 -1.160985626939083915e-01 -3.858871154406360304e-01 -3.058462079571879766e-01 -7.152349885996216461e-01 4.575794228495553284e-01 -3.422541404071417492e-01
-4.419912081398291726e-01 -9.950705317032790820e-01 1.440601545900135561e+00 4.546450893800308979e-01 9.795359846736666487e-01 1.727616765265325149e-01 3.414269005049124228e-01 -9.296921247947294020e-01 -9.989626229671051405e-01 1.200020957570488545e+00 -1.363564374781620403e+00 7.347320800949599384e-01 -4.874469155949758825e-01 -1.000990615407466588e-01 6.576655943383753478e-01 9.235498740034695508e-01 3.343017206292036025e-01 -6.631199031095098562e-01 7.843776741590715584e-01
-4.561849553313048755e-01 -5.564888336871103292e-01 7.707013682436827384e-01 -2.102051076737510016e-01 9.859709467036454900e-01 1.046042458909293149e-01 3.688795204506785108e-01 1.259765420077247899e-01 -1.237808988967235013e-01 -1.849382118230207261e-01 -1.341750252815511191e+00 3.463714016213961244e-01 -1.193770301738099837e+00 -5.556739284762182152e-01 8.104456600876777106e-01 5.800216339908956797e-01 -2.015358174904766209e+00 3.628667626105577249e-01 2.910155687887059361e-01
6.534919995258634540e-01 5.338800058129391513e-01 9.147426810000367503e-01 6.584725181107833336e-01 -8.436038487472063974e-01 8.355010701192939759e-01 -5.260749681835052982e-01 9.228518346530838468e-01 -5.063454806319978019e-04 9.995259769132511796e-01 -1.116484859617544512e+00 3.455363263542308161e-01 -4.206521463195622701e-01 4.484026742009183941e-02 7.956331100156788239e-02 1.183389547919158957e+00 4.695021249289152987e-01 -4.649999311545796044e-01 -5.611916517760822121e-01
2.143014587128670989e-01 -1.129035023932440929e-01 4.674869293859134078e-01 -6.399854281514554266e-01 -1.786738017677972357e+00 -5.883225224170904877e-01 -9.469479378336775888e-02 -1.729119766393043545e-01 -6.057731394550149862e-01 -9.918524411047084932e-01 5.151080941448671346e-01 7.238197549753411231e-01 -4.915104884345111724e-01 -7.936169882527888131e-01 -4.846181006086984766e-01 7.800492581469666842e-01 1.853692592110380843e-01 9.011088564055780292e-01 -2.322085068531332119e-02
-9.439977750882038166e-01 1.052744604361566250e-01 1.038766899265717081e+00 9.914309885837881975e-01 7.939533625125669847e-01 9.935321192453179240e-01 -2.859931641109578759e-01 6.970525882660423278e-01 -1.344139899886758194e-01 1.358918527473726323e+00 -7.838064501927723970e-01 -8.987347422666760455e-01 -1.069286620000657217e+00 5.291606113434113023e-01 -6.472631058161941731e-01 -2.177321356081061143e-01 -6.798532976466604705e-01 3.582357770530064656e-03 -5.877204112853307016e-01
6.311277344678849488e-01 -1.109477358762860355e-01 -5.708670662891068837e-01 2.137587453621243583e-01 1.436296577909810246e+00 -6.394673839393967274e-01 -6.595588038500408423e-01 3.645427297624945773e-01 -1.221549043247694311e+00 -7.385497433344994089e-01 2.693197895125034602e-01 -3.850974849099142450e-01 -6.838534625414545154e-01 -3.250568822539303682e-01 1.927009074031360569e-02 4.935394282936489407e-01 9.268010894604474803e-01 1.816639182509752315e+00 -4.780538532809903707e-01
-7.285872566766959935e-01 1.158620723384859552e+00 -4.282082478369240164e-01 4.721545881922062371e-02 5.588161590512674692e-03 8.348100521031169841e-01 5.534824271008063068e-01 3.240800165652468756e-01 -6.273051529347453137e-01 1.836591965460894205e-01 -4.190048985598973097e-01 7.097701242346567962e-01 -3.849608222288332104e-01 -8.973967142733165758e-01 -2.260048279917887371e+00 -8.366364629902323102e-02 -6.252289581991914424e-01 -5.673193413762516180e-01 2.859407221130365606e-01
8.211542731083105728e-01 -2.790869965076989700e-01 9.029482038701066582e-01 -2.950026144031592246e-02 5.929912400215793244e-01 -2.817666533317477739e-01 -2.379904418655711673e-01 -4.925657200913124978e-01 -8.203724752757124428e-01 1.767792237730112515e+00 -7.776327773367093243e-01 5.989129488798028422e-01 4.340579114394826910e-01 -5.290751769267907356e-01 6.713597591986890656e-01 2.178336245741128163e-01 8.988810316524356026e-01 9.427667705084259442e-01 -4.151802415989949147e-01
-5.598715234061746315e-02 -3.977124010608963367e-01 -1.540531718731650290e-01 3.627760016680681154e-02 -7.755134388309727900e-01 8.344568480710581326e-01 5.704514264196416384e-01 9.186784158325949079e-01 6.307772189096130244e-01 7.013014253804679132e-01 -9.752646112994891592e-01 2.664843732720283409e-01 5.012092281559983320e-01 1.463579753171571740e+00 -2.752382237222832373e-01 2.399432868769353355e-01 5.057085214281298313e-01 -7.548567014112765872e-01 2.437597639550397322e-01
-1.389142826678445131e+00 -2.796191158799525844e-01 -3.035866099555384334e-01 7.429888062242357982e-01 2.722694830857901316e-01 -8.216812326193716487e-01 5.930343683356549267e-01 -4.167461360459476793e-01 2.119194481153172660e-01 7.157206575095205192e-01 1.380867096907405500e-01 2.591071563400528799e-01 -8.080402749179822486e-01 1.023989191386849518e+00 -2.439582997491798189e-01 4.694211411716573412e-01 7.352585562163076460e-01 8.338893792047790132e-01 6.634756466006030973e-01
-2.831572197202691932e-01 -1.477538223684955909e+00 5.294522185886221255e-01 2.422771693723406727e-01 -5.972525205659398040e-01 1.732532868011713578e+00 3.944585708491994414e-01 -8.079736699069681727e-01 -7.503597768142638014e-01 -3.381492409569852864e-01 7.162702596249514997e-02 2.503692076978625281e-02 6.841154174907086993e-01 1.784658250774717736e-02 2.467456212919986402e+00 -4.459516670597276633e-01 -2.925910907572750741e-01 -1.503169850736271407e+00 -2.058891099761834820e-01
-4.546367522415106777e-03 1.266950760342102633e-01 -5.667468235552826084e-01 -7.468588454359419426e-01 -9.460324679075298171e-01 6.039919591815425814e-01 -4.797390446434157685e-01 -2.991644529971368982e-01 1.778740021033220486e-01 -1.853518007378458510e+00 -1.955317106481697653e+00 1.961339649443916144e-02 -1.622326991766498416e-02 8.043329510025538642e-01 4.858168807934049038e-01 -4.781906215174824837e-03 -1.249130147772059551e-02 -5.308474889998151536e-01 1.124212713654633156e+00
5.621014362135716702e-01 1.559550477855059736e+00 1.911908689309233855e+00 9.432271057439516326e-01 7.128691032821410367e-01 -1.251746999665114490e+00 1.787441811139190539e+00 -1.721005175015035693e-01 -1.587173403255734971e-01 5.372810922606929829e-02 2.198480410370931004e-01 -8.356147387465993059e-01 1.077843906671298146e+00 7.669373484925805506e-01 -5.432238056070026744e-01 8.230198224421696462e-01 1.525541382599699958e-01 2.684773341223660736e-01 2.579800403304972622e-01
4.858164856543332188e-01 1.704501988374798049e-01 -4.569945590687580772e-01 1.021396654691942629e+00 1.545668108499251847e-01 4.425928712236713025e-01 -1.629277589285560657e+00 3.369059527149038669e-01 2.193858292086667827e-01 5.756471032421037748e-01 -8.610730955112124718e-01 7.266292349353498103e-02 -1.397435462998280364e+00 -1.067253262631748578e+00 9.432425638927064426e-01 3.468767192921862197e-01 3.833719849775663047e-01 -2.311199597355675373e-01 1.095082018843733129e+00
-5.603536966986091272e-01 -1.047516263233985834e+00 -1.393210078543756225e-01 7.446829036663893397e-01 -1.151658053705817863e+00 1.558892576413635211e-01 9.689068884959208816e-01 1.287236120663267869e+00 8.604554194002234091e-02 -1.918820577792539339e-01 -7.196516374188568488e-01 3.610443151440296816e-01 -2.541759540942498674e-01 -1.077203044813129118e+00 -4.128883497331186092e-01 -5.970306641661968783e-01 8.547291675398303035e-01 -3.018692553888748797e-01 -5.759083292965809786e-01
-1.541685605004704529e+00 7.774865910964121607e-01 -4.126641121386986910e-02 -8.992354361354772951e-01 6.514973280392875044e-01 -6.354036341917448372e-01 9.505402813442540566e-01 -7.939692506551978557e-01 -3.219362558006821917e-01 2.073777653945445554e-01 -2.240538051419780352e-01 -5.248037711379280879e-01 1.564950067190777006e+00 -5.977794306021033677e-02 1.995341739750748911e-01 -1.186080370752021329e+00 -2.141464327049251715e-01 5.116946523362106980e-01 1.354814876936245582e-01
