1.333863617577720762e+00 -4.552159701716664841e-01 7.558559672407820784e-01 -5.134177396105155111e-02 4.667789231481143108e-01 -5.234443640409847109e-01 2.491308923507515871e-01 8.685807212087448548e-02 -1.488391628968521729e-01 8.033740759505738627e-01 7.110443698795729794e-01 -6.294058268432598524e-01 -1.523104286938665508e+00 -5.666067454883654264e-01 5.249435845856496030e-01 -1.252114665750498235e+00 -1.229401065390743453e+00 -8.927794857243014359e-01 2.848851201349391626e-01
3.395503633977905444e-01 -1.061260215449452371e+00 -2.770717429376068353e-01 1.057293573716500124e-01 -6.573642565749409084e-01 -3.076352296321978042e-01 -2.612828828530480152e-01 5.300559577604255779e-01 -8.872659668476265971e-01 1.003251160914474527e+00 -3.399905652975534487e-01 -5.698231589702118516e-01 9.670926929073606626e-01 2.915638188584115387e-01 1.333201217731502464e+00 -3.399365513049359411e-01 1.381279968729725693e+00 8.528217928159573802e-01 1.063274884532804387e+00
-7.323257604275634769e-02 3.073084888591790520e-01 1.374920442608107640e+00 3.454976233703961341e-01 9.462452064265305385e-01 -6.353747728052892008e-01 6.954610747394718295e-02 1.341604670043803349e-01 -8.853209467364471230e-01 1.220647232363524237e+00 -2.075844831184314732e-01 -5.364726512844786299e-02 3.175395085180383603e-01 -4.014518148243357842e-01 -1.187015268847977811e+00 -7.866942149167224230e-01 2.725770594345737763e-01 -5.692074820793782131e-01 -7.206239552527449188e-01
-1.671919922595157093e+00 -4.751679030735345144e-02 6.743852746347247518e-01 6.314953121637332245e-01 3.066394241533503262e-01 -1.642112622235861075e+00 1.459682985958175028e-01 3.698639159681820221e-01 8.013766530393775511e-01 2.370344655112912591e-01 -2.219487260947519136e-01 -2.032866090995155695e-01 -2.637993632473121242e-01 -1.720862110525403388e+00 9.526219540054394752e-01 7.381675351252772188e-01 -1.175295415816230982e-01 6.458601747922485536e-01 5.929029366109619392e-01
5.142112105372176334e-01 -6.769741311189942934e-01 -1.134064948190220967e-01 1.102085877844691808e-01 -3.795298570528331528e-01 -2.004901020151339530e-02 6.550514910496207932e-02 1.510580048160636846e-01 3.271943282608358317e-02 2.430240614331040661e-01 8.058668259195942429e-01 9.145589763446704268e-02 -3.230081554461206039e-01 -1.722534191837679085e-01 -5.212131033292286553e-01 9.368951865920889244e-01 -8.353100161000128754e-01 -7.589663783667857100e-01 1.214644481004045762e-01
1.148663105705922671e-01 -3.264613963526790119e-01 8.273297305128746171e-01 -8.743799478245199985e-01 -1.703115807689765671e-01 5.010008134174397387e-01 6.378644821256540531e-01 -6.549364724086692569e-01 8.805407615465146165e-01 -1.185444488954961573e+00 -8.694718099346787632e-01 -3.035184603957310490e-01 -9.417193918811950226e-02 -7.430436756845473223e-01 -6.659570145887887538e-01 -1.427661895758469690e-01 -1.106567447625296019e+00 -2.177759221424773184e-01 -6.817115483830429312e-01
5.332532461642158772e-02 -2.498688594982148015e-01 1.767731523728754972e-02 6.459733621390117975e-01 9.553686276721709003e-01 -4.721965914761250271e-01 6.567530775608310112e-01 1.594578122156427913e+00 1.183934519515269290e+00 -5.500717810366875238e-01 -1.325471818953415815e+00 3.614526277384189079e-02 5.953188146887136156e-01 7.815847495669965284e-01 1.051255804536098015e+00 -1.195284518157864184e-01 -9.943539344350393883e-02 9.851072861846961182e-01 7.923036968919141554e-01
-7.477715268473399401e-01 6.371218868649826117e-01 8.388083800392791556e-01 -6.008890145124008431e-01 1.679478390581787828e-01 7.264376229464850621e-01 2.779459464519140610e-02 3.031890750553518643e-01 4.298356427349012687e-01 -8.225637571896569078e-01 -9.812643072407751799e-01 -5.666494065646505707e-01 4.338797201444055673e-01 1.561390737764647429e-01 3.454435951410765870e-01 1.688713736380218933e+00 3.246259483609090779e-01 6.142524097896404633e-01 -8.521421668348971856e-01
-5.916516563800897632e-01 2.697175277468488730e-01 8.621801934761808006e-02 -2.994100312273428877e-01 -6.918839919419697004e-01 2.058250879232770281e-02 1.370161739632501652e+00 -6.187576830576657638e-01 3.973062194183436535e-01 -8.954094336268478838e-01 8.497876579142293885e-02 3.096096525454226089e-01 -1.282557302159208934e+00 5.351610101351114146e-01 1.982109577162947112e+00 -7.414615741399182003e-01 -6.601743004418580973e-01 1.052846512566998127e+00 -1.253657105547014705e-01
-8.891740196683506348e-01 -5.994836745768772346e-01 -2.758866008067162312e-01 -8.346462024409559977e-01 7.239976696939518508e-01 -5.379517204119896867e-01 -8.611935297090420605e-01 -2.313957299327558115e-01 6.048694553830535892e-01 -7.716137233090878400e-01 -1.707461555182452351e-01 -4.595902000610263549e-02 -8.334356210832538636e-01 -9.479469216872720150e-01 1.006929395394283722e+00 -9.707683681965779687e-01 -1.157148950458915637e+00 -5.926060814704519064e-01 -3.104639806050688566e-01
6.071820877141020922e-01 1.212297011291585402e-01 -4.880710680857778261e-01 -7.445822626913201070e-01 1.407483031803381968e+00 -4.105845943616315274e-02 4.338506332292468848e-01 6.990740405213855535e-01 -8.720470399271251782e-01 7.224272911038998046e-01 1.173342085168939342e+00 1.307210208779092442e+00 -3.416885262910387411e-01 1.302821502500377537e-01 3.792470505828811067e-01 7.759744973225406461e-01 8.804364108995488269e-01 -4.507428959735644280e-01 4.660154537095848593e-01
6.592918180177502752e-01 1.161852715868326724e+00 -7.347973526817550560e-01 8.795407938774113532e-01 2.319999768745297786e-01 -1.085177409757307476e+00 8.741582291729608212e-01 -9.783889500546105733e-01 -1.631990573591313165e-01 2.058094975584230824e+00 7.210977399848104152e-01 4.292477606607298934e-01 -4.110093047056939675e-02 -1.303143025555832502e+00 6.723378648501086019e-01 7.154444480727231159e-01 1.332602531807822954e+00 6.352396693541271233e-01 -9.558836393962069078e-01
-3.607355193584687036e-01 5.730985990001407071e-01 6.716552254197147853e-01 -2.144045066063700045e-01 7.597504186220045419e-01 -1.136999597016085550e+00 -9.929151542098970662e-01 -2.086712475475345219e-01 -4.066852624739796251e-01 -8.443922451363361503e-02 -7.485375211826257313e-01 -8.107984038315956266e-01 8.523256992559087308e-01 3.916059665829410008e-01 -8.071892640461018065e-01 3.714473825373660887e-01 6.383480250097206543e-02 1.785050393305364969e+00 -1.915033775966545893e-01
1.262570755499668795e+00 8.265447108711381219e-01 4.793835007057123399e-02 5.953553306653021071e-01 -4.064607659562504693e-01 1.022899579110303492e-01 8.079170670021116329e-01 2.162368818396378511e-01 -9.543079573590040887e-02 5.887150361978368274e-01 1.618866060115042860e-01 -2.099023887778830311e-01 -1.307365611940374261e+00 3.768168631820190129e-02 2.567295764064692065e-02 8.730506225962779698e-01 7.612958889459704448e-01 -4.533509141145450894e-01 -1.807557009260658543e-01
1.595663820768193908e-01 -7.392451867069367299e-01 1.108804214578447356e+00 -6.524981391572504119e-01 -1.035011705357635758e-01 -9.446440607298376424e-01 1.542514302125218340e+00 -9.841147881133291975e-01 -1.528869035521731590e+00 -6.234111027588149501e-01 3.654929588071951230e-01 1.607528391712218507e-01 5.575055084258131455e-01 -9.688726680023875826e-01 7.333932904465401137e-01 -3.942206814420303740e-01 -1.215948954939543469e+00 4.404446387756462133e-01 -3.761827877367407424e-01
-7.045966505256646695e-01 -5.594890735850526209e-01 7.629688525511726382e-01 -2.500259101524666683e-01 1.145929765577740733e+00 6.007067309491140872e-01 1.100683992947901757e-01 1.449168719503005409e+00 5.213175305924182545e-01 1.256661756463866020e-01 -2.589195489602145184e-01 6.150481647370054095e-01 3.589920512270028397e-03 -9.951214048471939133e-01 1.360481579549042364e+00 -3.750300980934300199e-01 -7.571130145867466243e-01 -5.917293060710353547e-01 5.914982746970482985e-01
-8.188215647718655177e-02 1.256547041463302650e+00 7.573618055000230775e-02 2.938019192971319526e-02 8.681903808363982122e-01 -4.568621834181361141e-01 4.193691653092597171e-01 -4.670303941859623720e-01 -3.270399622605069112e-01 -4.979943968912938779e-01 -6.439739540049098654e-01 2.198456547647815729e-01 -9.088778395756738071e-01 -3.458239568885141946e-01 -1.512287814202917247e-01 1.369347410242530261e+00 -1.128094641017121758e+00 4.757764985379631106e-02 8.095091987390370392e-01
-1.069448993347198895e+00 -6.340853339109941977e-02 7.231645703257796320e-01 -2.391174901302446365e-01 -7.507690966687134981e-01 -8.089590200108491835e-01 -2.461661101232930360e-01 -6.875112765283952765e-01 -9.568974491875310573e-01 -9.311483594469924796e-01 6.713845326367096078e-04 2.411800864981956671e-01 -8.309537594783935610e-01 -4.442978304195790429e-01 -1.527395918170954880e+00 -8.787965646704052336e-01 5.752386110289942067e-01 -1.694358419636841084e-01 -5.056740775140267097e-02
