-3.801203618243642612e-01 1.325332144428607695e+00 4.208330733413188085e-01 -6.138894287109573078e-01 2.601753147430942992e-01 -9.161856252002096301e-01 -1.670549797139166959e-01 2.948346292185639594e-01 -2.100939327956667046e+00 8.158437990792006822e-01 -7.853068271387100285e-01 -1.032112517596467605e+00 -8.641749131013565233e-03 5.631552554827676804e-01 -1.302608223706842372e+00 1.563046871099220247e+00 2.258971142155621337e-01 -5.633123604581093957e-01 6.624532182103357592e-01
-9.431103742191058181e-01 -1.123065030323685098e+00 -2.144464885996384407e-01 -3.929586909257312133e-01 8.340623441459020793e-01 -8.525586706883103716e-01 -8.052950824466607038e-01 1.979355240143276795e-02 2.550956256479934847e-01 -7.912981349923271512e-01 -1.478518091993521244e+00 9.791631085557375158e-01 -5.568882515369451003e-01 -1.160985626939083915e-01 -3.858871154406360304e-01 1.964281965606147207e-01 7.545775752435399664e-01 5.660783138031311168e-01 5.387416459722784712e-01
-4.419912081398291726e-01 -9.950705317032790820e-01 1.440601545900135561e+00 -9.492599299316721861e-01 5.633785461984317511e-01 1.549146909671688110e-01 -3.095563176520415016e-01 -2.069561212466763944e+00 -1.236105315918914593e+00 1.524562025834715229e+00 -1.435226109169004616e+00 1.355504364266170381e+00 -5.676290163868715766e-01 -5.668789614773086516e-01 2.787507138427083309e-01 8.133502450146625762e-01 3.343017206292036025e-01 -1.202689117546974717e+00 7.843776741590715584e-01
-4.561849553313048755e-01 -3.743071284540540056e-01 3.376277019640183674e-01 -1.061600671466849777e+00 2.116309161969714303e+00 1.046042458909293149e-01 8.293058524056085012e-01 2.466565518960932568e-01 -7.442977528735972292e-02 -1.849382118230207261e-01 -1.341750252815511191e+00 -6.229982747317659442e-01 -1.493966594019126015e+00 -3.758822598511737390e-01 -1.608914528343008410e-01 1.893275691362461766e+00 -2.849983180845022002e+00 7.180727109389497542e-01 9.562222918295177898e-01
5.056159801333355297e-01 4.696661799365047241e-01 1.246852080735266322e+00 8.274859210094371864e-01 -8.436038487472063974e-01 8.355010701192939759e-01 -5.260749681835052982e-01 8.804470046344454737e-01 -8.446831437696173950e-01 9.995259769132511796e-01 -2.462212378690986192e+00 -6.161624226217821132e-01 -2.466268918243663677e-02 -5.621467553577530474e-02 4.670327030005361202e-01 1.183389547919158957e+00 -7.890110971870871737e-01 -4.649999311545796044e-01 -5.611916517760822121e-01
2.143014587128670989e-01 -1.129035023932440929e-01 -4.565608964082734644e-01 2.966199156763422717e-01 -3.678440083330757560e+00 2.296955462347298749e-01 -9.469479378336775888e-02 1.284138054602139922e+00 3.846758607549520814e-01 -1.317647500175364694e+00 5.151080941448671346e-01 7.238197549753411231e-01 3.406766858682648280e-01 -9.577815904139630465e-01 -4.142828150704807033e-01 7.800492581469666842e-01 1.321881841197707796e+00 2.924376099284595742e-01 -2.322085068531332119e-02
-1.766046157346299994e+00 -4.738789217444272506e-01 3.459226820621712495e-01 1.435542029628124938e+00 1.362380704144807719e-01 9.193765854852165020e-01 4.915486662008319296e-01 6.970525882660423278e-01 -5.626434419886638949e-02 2.206132738191895371e+00 -1.126346712087997082e+00 -1.675834995203415501e+00 -1.069286620000657217e+00 5.073915278839673526e-01 -6.472631058161941731e-01 -1.187466209827858332e+00 -6.798532976466604705e-01 -9.254294369649940233e-01 -5.852270020675351958e-01
6.311277344678849488e-01 -1.109477358762860355e-01 1.074561967197273926e-01 5.213453637560052645e-01 2.566436480814349164e-01 -1.239304879363876566e+00 -7.950856226678679750e-01 -1.669848963736810799e-01 -1.221549043247694311e+00 -2.393946588037137779e+00 2.298772983371518919e+00 -3.850974849099142450e-01 -6.945289230470779174e-01 9.950330338364810068e-02 1.927009074031360569e-02 4.935394282936489407e-01 7.458456146052576674e-01 1.816639182509752315e+00 2.115589160290387571e-01
-5.056421717333154930e-01 1.158620723384859552e+00 -1.532015797821227432e+00 -3.208650718691670178e-01 5.588161590512674692e-03 8.300072189556946256e-01 8.427939456940778395e-01 3.240800165652468756e-01 -6.273051529347453137e-01 1.836591965460894205e-01 -1.475526119817383019e-02 1.024877449414431485e+00 -1.082475702484262614e+00 -8.973967142733165758e-01 -2.260048279917887371e+00 7.174659350368075561e-01 -8.221960782812416380e-01 -5.673193413762516180e-01 2.859407221130365606e-01
8.211542731083105728e-01 4.435373981054644421e-01 1.551047674155185074e+00 4.773665328871996572e-01 -1.177881811236186849e+00 -2.817666533317477739e-01 -1.227001390880807508e+00 -3.590271916555629605e-01 -1.443077878755483434e+00 1.767792237730112515e+00 -4.165878495669486092e-01 1.691818370074827493e+00 4.340579114394826910e-01 -5.290751769267907356e-01 1.594449277174940116e+00 -1.059483965755932289e+00 1.010804035724301997e+00 -2.282299607148956522e-01 -4.151802415989949147e-01
8.816406403635057565e-01 -7.016400141405423341e-01 9.029972999978950199e-01 -4.018594679551894533e-01 -1.713309919136068560e+00 8.344568480710581326e-01 5.704514264196416384e-01 1.501655705323931222e+00 6.307772189096130244e-01 1.266164608487938548e-01 -9.752646112994891592e-01 2.664843732720283409e-01 5.012092281559983320e-01 1.670312168472154468e+00 7.180278704863796158e-02 8.676109490735850471e-01 1.172031597113825541e+00 -1.299383393930476416e+00 6.869503884786714032e-01
-1.389142826678445131e+00 -2.796191158799525844e-01 -3.035866099555384334e-01 7.429888062242357982e-01 2.722694830857901316e-01 -1.718351700872318144e-01 -3.902093063504161741e-01 -7.272765333806721078e-01 -4.169182283163257452e-01 5.193335407295043282e-01 5.634599762736036688e-01 8.907390578471010567e-01 -7.151610955131135761e-01 1.023989191386849518e+00 -1.425704308730822101e+00 2.014359797336044977e-01 7.352585562163076460e-01 1.681436343374588471e+00 1.648510347075950566e+00
-2.831572197202691932e-01 -9.996453514256167239e-01 6.812788413459935910e-01 2.422771693723406727e-01 -6.423986193753417062e-02 1.539975290933647933e+00 -1.014996825609046915e-01 -8.079736699069681727e-01 -8.887994471895086512e-01 -8.266447625494344198e-01 4.765054250714073625e-01 2.503692076978625281e-02 1.147980158639922976e-01 1.784658250774717736e-02 3.268547805436702980e+00 -1.166530942129323289e+00 -2.925910907572750741e-01 -1.503169850736271407e+00 -2.058891099761834820e-01
1.070602674281802669e+00 -6.545119809216255469e-01 2.916623121705048671e-01 -1.558620671858848894e+00 -9.460324679075298171e-01 6.039919591815425814e-01 -4.797390446434157685e-01 -2.991644529971368982e-01 8.256423264425947206e-01 -3.270493395487594768e+00 -2.098047398366100325e+00 4.150557545323907416e-01 1.891804933659488430e+00 -4.641810742881158358e-01 -4.706812853268338426e-01 -1.422465192201356476e-01 -3.195757836454506950e-01 -2.124741565960723833e-01 -4.917354357882244287e-01
5.621014362135716702e-01 1.883783358225186166e+00 2.074371958467553512e+00 2.163198206183010175e+00 7.128691032821410367e-01 -1.043268674937211316e+00 1.003989135122486775e+00 -1.093524450998070163e+00 2.838947668250750844e-01 5.785963331522019359e-01 2.198480410370931004e-01 -8.356147387465993059e-01 1.077843906671298146e+00 7.669373484925805506e-01 -5.432238056070026744e-01 8.230198224421696462e-01 -5.990143820058477786e-01 -1.657560547729020062e-01 2.579800403304972622e-01
1.577147425960331084e+00 1.704501988374798049e-01 -7.199585828830901146e-01 6.164854327255870903e-01 6.252239755978463709e-01 8.751438400030424614e-01 -1.622357603746964694e+00 1.509551300227702786e-01 1.091364264568623677e+00 5.268330137767398558e-01 -1.026522286288417796e+00 1.753095127396024244e+00 -1.990145714655714659e+00 -1.067253262631748578e+00 1.704388263084644972e+00 3.468767192921862197e-01 -9.243596386709578283e-01 -2.698201485778135567e-01 -3.386187383594352340e-01
2.756809100714903149e-01 -4.039410808679326781e-01 -6.243881706091580774e-01 7.446829036663893397e-01 -1.151658053705817863e+00 -4.414276247859121316e-01 1.913824669055028904e+00 1.187712093909311539e+00 8.604554194002234091e-02 -1.918820577792539339e-01 2.360124985865232894e-01 3.610443151440296816e-01 -4.753482469844423353e-01 -1.077203044813129118e+00 -1.236662205850765472e+00 -6.520521619622117182e-01 9.159781886468441048e-01 -1.953944325238168300e-01 -8.943744585269732816e-01
-1.541685605004704529e+00 1.041439335921407139e+00 -2.067460923592537636e+00 -3.714780812294253831e-01 6.514973280392875044e-01 -6.354036341917448372e-01 9.505402813442540566e-01 -6.865439660066077199e-01 1.367626108340281643e+00 2.073777653945445554e-01 -8.869495622225829212e-01 -1.383348984878192134e-01 2.274017488501645978e+00 -4.994870334040757420e-01 6.759547983024847273e-01 -3.246544773358683855e-01 -1.153489214920405681e+00 5.116946523362106980e-01 1.354814876936245582e-01
